Sample	FastQC_mqc-generalstats-fastqc-percent_duplicates	FastQC_mqc-generalstats-fastqc-percent_gc	FastQC_mqc-generalstats-fastqc-avg_sequence_length	FastQC_mqc-generalstats-fastqc-percent_fails	FastQC_mqc-generalstats-fastqc-total_sequences
AeA01001_CKDL210012719-1a-AK9141-7UDI214_HF5TCDSX2_L1_1	79.63963593361076	51.0	150.0	45.45454545454545	39057650.0
AeA01001_CKDL210012719-1a-AK9141-7UDI214_HF5TCDSX2_L1_2	73.93743151323213	55.0	150.0	45.45454545454545	39057650.0
AeA01002_CKDL210012719-1a-AK9141-AK4971_HF5TCDSX2_L1_1	80.0628556650322	51.0	150.0	45.45454545454545	25851176.0
AeA01002_CKDL210012719-1a-AK9141-AK4971_HF5TCDSX2_L1_2	75.9148993645507	55.0	150.0	45.45454545454545	25851176.0
AeA01003_CKDL210012719-1a-AK9141-AK1864_HF5TCDSX2_L1_1	74.35811294167428	46.0	150.0	36.36363636363637	37491942.0
AeA01003_CKDL210012719-1a-AK9141-AK1864_HF5TCDSX2_L1_2	71.6397306526103	46.0	150.0	36.36363636363637	37491942.0
AeA01004_CKDL210012719-1a-AK9141-AK7558_HF5TCDSX2_L1_1	45.991568081208875	48.0	150.0	36.36363636363637	911163.0
AeA01004_CKDL210012719-1a-AK9141-AK7558_HF5TCDSX2_L1_2	42.20150520077309	51.0	150.0	36.36363636363637	911163.0
AeA01005_CKDL210012719-1a-AK9141-7UDI308_HF5TCDSX2_L1_1	44.60554703727409	49.0	150.0	36.36363636363637	582085.0
AeA01005_CKDL210012719-1a-AK9141-7UDI308_HF5TCDSX2_L1_2	41.44803125235201	52.0	150.0	36.36363636363637	582085.0
AeA01006_CKDL210012719-1a-AK9141-AK2587_HF5TCDSX2_L1_1	77.09812282571644	47.0	150.0	36.36363636363637	38776947.0
AeA01006_CKDL210012719-1a-AK9141-AK2587_HF5TCDSX2_L1_2	73.9024595525735	49.0	150.0	45.45454545454545	38776947.0
AeA01007_CKDL210012719-1a-AK9141-GC12_HF5TCDSX2_L1_1	74.04992380451021	47.0	150.0	36.36363636363637	45856014.0
AeA01007_CKDL210012719-1a-AK9141-GC12_HF5TCDSX2_L1_2	71.34605541282225	48.0	150.0	45.45454545454545	45856014.0
AeA01008_CKDL210012719-1a-AK9141-7UDI246_HF5TCDSX2_L1_1	73.94024898456759	47.0	150.0	45.45454545454545	38480404.0
AeA01008_CKDL210012719-1a-AK9141-7UDI246_HF5TCDSX2_L1_2	71.07179562685593	50.0	150.0	45.45454545454545	38480404.0
AeA01009_CKDL210012719-1a-AK3905-7UDI214_HF5TCDSX2_L1_1	75.58994471581303	46.0	150.0	45.45454545454545	27584311.0
AeA01009_CKDL210012719-1a-AK3905-7UDI214_HF5TCDSX2_L1_2	72.25085521656979	48.0	150.0	45.45454545454545	27584311.0
AeA01010_CKDL210012719-1a-AK3905-AK4971_HF5TCDSX2_L1_1	68.77888171606853	53.0	150.0	45.45454545454545	2421252.0
AeA01010_CKDL210012719-1a-AK3905-AK4971_HF5TCDSX2_L1_2	65.48914893761821	59.0	150.0	45.45454545454545	2421252.0
AeA01011_CKDL210012719-1a-AK3905-AK1864_HF5TCDSX2_L1_1	78.69096265461286	53.0	150.0	45.45454545454545	8167226.0
AeA01011_CKDL210012719-1a-AK3905-AK1864_HF5TCDSX2_L1_2	73.8435449666638	58.0	150.0	45.45454545454545	8167226.0
AeA01012_CKDL210012719-1a-AK3905-AK7558_HF5TCDSX2_L1_1	79.68762503061282	45.0	150.0	36.36363636363637	21673669.0
AeA01012_CKDL210012719-1a-AK3905-AK7558_HF5TCDSX2_L1_2	76.79250063553769	47.0	150.0	45.45454545454545	21673669.0
AeA01013_CKDL210012719-1a-AK3905-7UDI308_HF5TCDSX2_L1_1	71.68140131641916	45.0	150.0	36.36363636363637	26599745.0
AeA01013_CKDL210012719-1a-AK3905-7UDI308_HF5TCDSX2_L1_2	69.41600884909568	47.0	150.0	45.45454545454545	26599745.0
AeA01014_CKDL210012719-1a-AK3905-AK2587_HF5TCDSX2_L1_1	75.27298382991297	48.0	150.0	45.45454545454545	23122313.0
AeA01014_CKDL210012719-1a-AK3905-AK2587_HF5TCDSX2_L1_2	72.54268418549304	50.0	150.0	45.45454545454545	23122313.0
AeA01015_CKDL210012719-1a-AK3905-GC12_HF5TCDSX2_L1_1	73.46751570423427	46.0	150.0	45.45454545454545	32535329.0
AeA01015_CKDL210012719-1a-AK3905-GC12_HF5TCDSX2_L1_2	71.3882187639281	46.0	150.0	45.45454545454545	32535329.0
AeA01016_CKDL210012719-1a-AK3905-7UDI246_HF5TCDSX2_L1_1	70.25113942879287	53.0	150.0	45.45454545454545	2475673.0
AeA01016_CKDL210012719-1a-AK3905-7UDI246_HF5TCDSX2_L1_2	66.89306925054495	59.0	150.0	45.45454545454545	2475673.0
AeA01017_CKDL210012719-1a-AK7761-7UDI214_HF5TCDSX2_L1_1	76.29214149811565	46.0	150.0	45.45454545454545	23988381.0
AeA01017_CKDL210012719-1a-AK7761-7UDI214_HF5TCDSX2_L1_2	72.79994034332685	47.0	150.0	36.36363636363637	23988381.0
AeA01018_CKDL210012719-1a-AK7761-AK4971_HF5TCDSX2_L1_1	79.8903905878331	48.0	150.0	45.45454545454545	31251941.0
AeA01018_CKDL210012719-1a-AK7761-AK4971_HF5TCDSX2_L1_2	76.41011441303998	51.0	150.0	45.45454545454545	31251941.0
AeA01019_CKDL210012719-1a-AK7761-AK1864_HF5TCDSX2_L1_1	75.34677802733978	47.0	150.0	45.45454545454545	18399952.0
AeA01019_CKDL210012719-1a-AK7761-AK1864_HF5TCDSX2_L1_2	71.98194366411427	49.0	150.0	45.45454545454545	18399952.0
AeA01020_CKDL210012719-1a-AK7761-AK7558_HF5TCDSX2_L1_1	73.73691096744085	50.0	150.0	45.45454545454545	4569979.0
AeA01020_CKDL210012719-1a-AK7761-AK7558_HF5TCDSX2_L1_2	69.46641911650086	54.0	150.0	45.45454545454545	4569979.0
AeA01021_CKDL210012719-1a-AK7761-7UDI308_HF5TCDSX2_L1_1	48.79227865290148	49.0	150.0	36.36363636363637	337296.0
AeA01021_CKDL210012719-1a-AK7761-7UDI308_HF5TCDSX2_L1_2	45.47913008293576	52.0	150.0	36.36363636363637	337296.0
AeA01022_CKDL210012719-1a-AK7761-AK2587_HF5TCDSX2_L1_1	73.8353177543897	46.0	150.0	36.36363636363637	12202509.0
AeA01022_CKDL210012719-1a-AK7761-AK2587_HF5TCDSX2_L1_2	70.75345637027522	47.0	150.0	45.45454545454545	12202509.0
AeA01023_CKDL210012719-1a-AK7761-GC12_HF5TCDSX2_L1_1	81.19386826681514	59.0	150.0	45.45454545454545	5953116.0
AeA01023_CKDL210012719-1a-AK7761-GC12_HF5TCDSX2_L1_2	76.4344738491344	68.0	150.0	45.45454545454545	5953116.0
AeA01024_CKDL210012719-1a-AK7761-7UDI246_HF5TCDSX2_L1_1	74.34718344071987	49.0	150.0	45.45454545454545	6149626.0
AeA01024_CKDL210012719-1a-AK7761-7UDI246_HF5TCDSX2_L1_2	70.90182974794908	52.0	150.0	45.45454545454545	6149626.0
AeA01025_CKDL210012719-1a-5UDI298-7UDI214_HF5TCDSX2_L1_1	71.68433898587405	48.0	150.0	45.45454545454545	11224628.0
AeA01025_CKDL210012719-1a-5UDI298-7UDI214_HF5TCDSX2_L1_2	66.96503654066348	51.0	150.0	45.45454545454545	11224628.0
AeA01026_CKDL210012719-1a-5UDI298-AK4971_HF5TCDSX2_L1_1	72.38220528619183	46.0	150.0	45.45454545454545	21651322.0
AeA01026_CKDL210012719-1a-5UDI298-AK4971_HF5TCDSX2_L1_2	69.78327681494946	47.0	150.0	45.45454545454545	21651322.0
AeA01027_CKDL210012719-1a-5UDI298-AK1864_HF5TCDSX2_L1_1	74.54843038177361	46.0	150.0	36.36363636363637	33534512.0
AeA01027_CKDL210012719-1a-5UDI298-AK1864_HF5TCDSX2_L1_2	71.64609324109841	47.0	150.0	45.45454545454545	33534512.0
AeA01028_CKDL210012719-1a-5UDI298-AK7558_HF5TCDSX2_L1_1	74.4813479495983	45.0	150.0	27.27272727272727	43803079.0
AeA01028_CKDL210012719-1a-5UDI298-AK7558_HF5TCDSX2_L1_2	72.18580772227513	45.0	150.0	36.36363636363637	43803079.0
AeA01029_CKDL210012719-1a-5UDI298-7UDI308_HF5TCDSX2_L1_1	62.822769693500966	52.0	150.0	45.45454545454545	775452.0
AeA01029_CKDL210012719-1a-5UDI298-7UDI308_HF5TCDSX2_L1_2	58.74748335240557	57.0	150.0	45.45454545454545	775452.0
AeA01030_CKDL210012719-1a-5UDI298-AK2587_HF5TCDSX2_L1_1	72.20224982346633	46.0	150.0	45.45454545454545	23099032.0
AeA01030_CKDL210012719-1a-5UDI298-AK2587_HF5TCDSX2_L1_2	69.98924390428327	47.0	150.0	45.45454545454545	23099032.0
AeA01031_CKDL210012719-1a-5UDI298-GC12_HF5TCDSX2_L1_1	63.73082271659988	55.0	150.0	45.45454545454545	1672489.0
AeA01031_CKDL210012719-1a-5UDI298-GC12_HF5TCDSX2_L1_2	59.99668296256957	61.0	150.0	45.45454545454545	1672489.0
AeA01032_CKDL210012719-1a-5UDI298-7UDI246_HF5TCDSX2_L1_1	72.94643434565805	51.0	150.0	45.45454545454545	4567007.0
AeA01032_CKDL210012719-1a-5UDI298-7UDI246_HF5TCDSX2_L1_2	69.14701382140629	56.0	150.0	45.45454545454545	4567007.0
AeA01033_CKDL210012719-1a-AK9142-7UDI214_HF5TCDSX2_L1_1	73.14030863643384	46.0	150.0	36.36363636363637	19487156.0
AeA01033_CKDL210012719-1a-AK9142-7UDI214_HF5TCDSX2_L1_2	70.13395066733379	46.0	150.0	36.36363636363637	19487156.0
AeA01034_CKDL210012719-1a-AK9142-AK4971_HF5TCDSX2_L1_1	71.28096793095642	46.0	150.0	36.36363636363637	8840392.0
AeA01034_CKDL210012719-1a-AK9142-AK4971_HF5TCDSX2_L1_2	68.80472273453938	48.0	150.0	45.45454545454545	8840392.0
AeA01035_CKDL210012719-1a-AK9142-AK1864_HF5TCDSX2_L1_1	73.8930665797697	45.0	150.0	27.27272727272727	35180528.0
AeA01035_CKDL210012719-1a-AK9142-AK1864_HF5TCDSX2_L1_2	71.34522896435377	46.0	150.0	36.36363636363637	35180528.0
AeA01036_CKDL210012719-1a-AK9142-AK7558_HF5TCDSX2_L1_1	57.26951651658185	52.0	150.0	45.45454545454545	741237.0
AeA01036_CKDL210012719-1a-AK9142-AK7558_HF5TCDSX2_L1_2	52.61801591696329	57.0	150.0	45.45454545454545	741237.0
AeA01037_CKDL210012719-1a-AK9142-7UDI308_HF5TCDSX2_L1_1	66.6718063318621	52.0	150.0	45.45454545454545	977180.0
AeA01037_CKDL210012719-1a-AK9142-7UDI308_HF5TCDSX2_L1_2	62.878404482503285	57.0	150.0	45.45454545454545	977180.0
AeA01038_CKDL210012719-1a-AK9142-AK2587_HF5TCDSX2_L1_1	63.031404915930736	51.0	150.0	45.45454545454545	1525600.0
AeA01038_CKDL210012719-1a-AK9142-AK2587_HF5TCDSX2_L1_2	59.30961936490246	56.0	150.0	45.45454545454545	1525600.0
AeA01039_CKDL210012719-1a-AK9142-GC12_HF5TCDSX2_L1_1	72.5376747655754	47.0	150.0	27.27272727272727	32016021.0
AeA01039_CKDL210012719-1a-AK9142-GC12_HF5TCDSX2_L1_2	69.94852150396373	48.0	150.0	45.45454545454545	32016021.0
AeA01040_CKDL210012719-1a-AK9142-7UDI246_HF5TCDSX2_L1_1	78.30634391433657	60.0	150.0	45.45454545454545	2916642.0
AeA01040_CKDL210012719-1a-AK9142-7UDI246_HF5TCDSX2_L1_2	72.5359722111781	69.0	150.0	45.45454545454545	2916642.0
AeA01041_CKDL210012719-1a-AK8410-7UDI214_HF5TCDSX2_L1_1	71.56997877854862	47.0	150.0	36.36363636363637	25308880.0
AeA01041_CKDL210012719-1a-AK8410-7UDI214_HF5TCDSX2_L1_2	68.0590501883489	48.0	150.0	36.36363636363637	25308880.0
AeA01042_CKDL210012719-1a-AK8410-AK4971_HF5TCDSX2_L1_1	72.18466055438799	47.0	150.0	45.45454545454545	12595933.0
AeA01042_CKDL210012719-1a-AK8410-AK4971_HF5TCDSX2_L1_2	69.07847409572456	50.0	150.0	45.45454545454545	12595933.0
AeA01043_CKDL210012719-1a-AK8410-AK1864_HF5TCDSX2_L1_1	62.87222564591795	53.0	150.0	45.45454545454545	1902793.0
AeA01043_CKDL210012719-1a-AK8410-AK1864_HF5TCDSX2_L1_2	56.45563247369471	57.0	150.0	45.45454545454545	1902793.0
AeA01044_CKDL210012719-1a-AK8410-AK7558_HF5TCDSX2_L1_1	71.35755169864936	46.0	150.0	36.36363636363637	9664010.0
AeA01044_CKDL210012719-1a-AK8410-AK7558_HF5TCDSX2_L1_2	68.54340760460295	48.0	150.0	45.45454545454545	9664010.0
AeA01045_CKDL210012719-1a-AK8410-7UDI308_HF5TCDSX2_L1_1	75.1212649815406	50.0	150.0	45.45454545454545	24695955.0
AeA01045_CKDL210012719-1a-AK8410-7UDI308_HF5TCDSX2_L1_2	71.95312238641431	54.0	150.0	45.45454545454545	24695955.0
AeA01046_CKDL210012719-1a-AK8410-AK2587_HF5TCDSX2_L1_1	77.35515189257461	55.0	150.0	45.45454545454545	12763338.0
AeA01046_CKDL210012719-1a-AK8410-AK2587_HF5TCDSX2_L1_2	73.0986030630928	61.0	150.0	45.45454545454545	12763338.0
AeA01047_CKDL210012719-1a-AK8410-GC12_HF5TCDSX2_L1_1	72.20579533378077	45.0	150.0	27.27272727272727	44959766.0
AeA01047_CKDL210012719-1a-AK8410-GC12_HF5TCDSX2_L1_2	69.899466549189	46.0	150.0	45.45454545454545	44959766.0
AeA01048_CKDL210012719-1a-AK8410-7UDI246_HF5TCDSX2_L1_1	76.53126181930168	49.0	150.0	36.36363636363637	22998857.0
AeA01048_CKDL210012719-1a-AK8410-7UDI246_HF5TCDSX2_L1_2	73.55325205024293	51.0	150.0	45.45454545454545	22998857.0
AeA01049_CKDL210012719-1a-AK8587-7UDI214_HF5TCDSX2_L1_1	75.55744432716082	45.0	150.0	27.27272727272727	53197257.0
AeA01049_CKDL210012719-1a-AK8587-7UDI214_HF5TCDSX2_L1_2	72.13577167659837	46.0	150.0	36.36363636363637	53197257.0
AeA01050_CKDL210012719-1a-AK8587-AK4971_HF5TCDSX2_L1_1	76.74752473117121	45.0	150.0	36.36363636363637	49296552.0
AeA01050_CKDL210012719-1a-AK8587-AK4971_HF5TCDSX2_L1_2	74.48674499443483	45.0	150.0	45.45454545454545	49296552.0
AeA01051_CKDL210012719-1a-AK8587-AK1864_HF5TCDSX2_L1_1	73.50794091810573	45.0	150.0	27.27272727272727	42670279.0
AeA01051_CKDL210012719-1a-AK8587-AK1864_HF5TCDSX2_L1_2	70.55024837990928	46.0	150.0	36.36363636363637	42670279.0
AeA01052_CKDL210012719-1a-AK8587-AK7558_HF5TCDSX2_L1_1	72.22269664009175	52.0	150.0	45.45454545454545	5290729.0
AeA01052_CKDL210012719-1a-AK8587-AK7558_HF5TCDSX2_L1_2	67.65666048979215	56.0	150.0	45.45454545454545	5290729.0
AeA01053_CKDL210012719-1a-AK8587-7UDI308_HF5TCDSX2_L1_1	50.031520914703535	49.0	150.0	45.45454545454545	762759.0
AeA01053_CKDL210012719-1a-AK8587-7UDI308_HF5TCDSX2_L1_2	46.88609248883816	52.0	150.0	36.36363636363637	762759.0
AeA01054_CKDL210012719-1a-AK8587-AK2587_HF5TCDSX2_L1_1	74.62568653384757	45.0	150.0	27.27272727272727	49488288.0
AeA01054_CKDL210012719-1a-AK8587-AK2587_HF5TCDSX2_L1_2	72.02570646245208	46.0	150.0	45.45454545454545	49488288.0
AeA01055_CKDL210012719-1a-AK8587-GC12_HF5TCDSX2_L1_1	76.86634052206509	53.0	150.0	45.45454545454545	17884233.0
AeA01055_CKDL210012719-1a-AK8587-GC12_HF5TCDSX2_L1_2	73.23883743885969	58.0	150.0	45.45454545454545	17884233.0
AeA01056_CKDL210012719-1a-AK8587-7UDI246_HF5TCDSX2_L1_1	73.70182401823214	47.0	150.0	45.45454545454545	39061660.0
AeA01056_CKDL210012719-1a-AK8587-7UDI246_HF5TCDSX2_L1_2	71.10906031061687	48.0	150.0	45.45454545454545	39061660.0
AeA01057_CKDL210012719-1a-AK7759-7UDI214_HF5TCDSX2_L1_1	76.07609151772417	56.0	150.0	45.45454545454545	2786398.0
AeA01057_CKDL210012719-1a-AK7759-7UDI214_HF5TCDSX2_L1_2	65.90315601029386	62.0	150.0	45.45454545454545	2786398.0
AeA01058_CKDL210012719-1a-AK7759-AK4971_HF5TCDSX2_L1_1	77.03755249416145	53.0	150.0	45.45454545454545	9322305.0
AeA01058_CKDL210012719-1a-AK7759-AK4971_HF5TCDSX2_L1_2	72.28095810996231	58.0	150.0	45.45454545454545	9322305.0
AeA01059_CKDL210012719-1a-AK7759-AK1864_HF5TCDSX2_L1_1	80.33467423803874	47.0	150.0	36.36363636363637	5628395.0
AeA01059_CKDL210012719-1a-AK7759-AK1864_HF5TCDSX2_L1_2	75.43466239500097	49.0	150.0	45.45454545454545	5628395.0
AeA01060_CKDL210012719-1a-AK7759-AK7558_HF5TCDSX2_L1_1	76.55903878703552	45.0	150.0	36.36363636363637	28510666.0
AeA01060_CKDL210012719-1a-AK7759-AK7558_HF5TCDSX2_L1_2	73.6669528914509	46.0	150.0	45.45454545454545	28510666.0
AeC01001_CKDL210012719-1a-5UDI301-AK533_HF5TCDSX2_L1_1	53.761463789146475	45.0	150.0	27.27272727272727	12338085.0
AeC01001_CKDL210012719-1a-5UDI301-AK533_HF5TCDSX2_L1_2	49.78692388148007	46.0	150.0	18.181818181818183	12338085.0
AeC01002_CKDL210012719-1a-AK7758-AK533_HF5TCDSX2_L1_1	54.110841933726604	44.0	150.0	27.27272727272727	15002600.0
AeC01002_CKDL210012719-1a-AK7758-AK533_HF5TCDSX2_L1_2	50.331019272214725	45.0	150.0	27.27272727272727	15002600.0
AeC01003_CKDL210012719-1a-AK7078-AK533_HF5TCDSX2_L1_1	52.30167310460328	45.0	150.0	27.27272727272727	11997758.0
AeC01003_CKDL210012719-1a-AK7078-AK533_HF5TCDSX2_L1_2	48.70461959988717	45.0	150.0	18.181818181818183	11997758.0
AeC01004_CKDL210012719-1a-AK9143-AK533_HF5TCDSX2_L1_1	51.1637542085698	45.0	150.0	27.27272727272727	9800033.0
AeC01004_CKDL210012719-1a-AK9143-AK533_HF5TCDSX2_L1_2	47.355181299509056	45.0	150.0	18.181818181818183	9800033.0
AeC01005_CKDL210012719-1a-5UDI225-AK533_HF5TCDSX2_L1_1	53.395578555778386	45.0	150.0	27.27272727272727	10790166.0
AeC01005_CKDL210012719-1a-5UDI225-AK533_HF5TCDSX2_L1_2	50.42828072266225	45.0	150.0	27.27272727272727	10790166.0
AeC01006_CKDL210012719-1a-AK9144-AK533_HF5TCDSX2_L1_1	56.219925045017796	45.0	150.0	27.27272727272727	11744740.0
AeC01006_CKDL210012719-1a-AK9144-AK533_HF5TCDSX2_L1_2	52.490821234468	45.0	150.0	27.27272727272727	11744740.0
AeC01007_CKDL210012719-1a-AK3911-AK533_HF5TCDSX2_L1_1	51.625578287049166	45.0	150.0	27.27272727272727	11668294.0
AeC01007_CKDL210012719-1a-AK3911-AK533_HF5TCDSX2_L1_2	47.462100301749665	45.0	150.0	18.181818181818183	11668294.0
AeC01008_CKDL210012719-1a-5UDI245-AK533_HF5TCDSX2_L1_1	52.84631398532656	45.0	150.0	27.27272727272727	10550359.0
AeC01008_CKDL210012719-1a-5UDI245-AK533_HF5TCDSX2_L1_2	49.396190577633405	45.0	150.0	18.181818181818183	10550359.0
AeC01009_CKDL210012719-1a-AK8593-AK533_HF5TCDSX2_L1_1	53.848062257171655	45.0	150.0	27.27272727272727	11824960.0
AeC01009_CKDL210012719-1a-AK8593-AK533_HF5TCDSX2_L1_2	49.888593826792786	45.0	150.0	18.181818181818183	11824960.0
AeC01010_CKDL210012719-1a-AK8593-GD06_HF5TCDSX2_L1_1	52.99799181015005	45.0	150.0	27.27272727272727	9727879.0
AeC01010_CKDL210012719-1a-AK8593-GD06_HF5TCDSX2_L1_2	49.32374704706511	45.0	150.0	27.27272727272727	9727879.0
AeC01011_CKDL210012719-1a-5UDI294-GD06_HF5TCDSX2_L1_1	53.697965626012355	45.0	150.0	27.27272727272727	9191081.0
AeC01011_CKDL210012719-1a-5UDI294-GD06_HF5TCDSX2_L1_2	49.72858764266726	45.0	150.0	27.27272727272727	9191081.0
AeC01012_CKDL210012719-1a-AK9146-GD06_HF5TCDSX2_L1_1	50.706716379510596	45.0	150.0	18.181818181818183	9718038.0
AeC01012_CKDL210012719-1a-AK9146-GD06_HF5TCDSX2_L1_2	47.211567396217966	45.0	150.0	18.181818181818183	9718038.0
AeC01013_CKDL210012719-1a-5UDI301-AK7557_HF5TCDSX2_L1_1	50.1366486660019	45.0	150.0	27.27272727272727	9021044.0
AeC01013_CKDL210012719-1a-5UDI301-AK7557_HF5TCDSX2_L1_2	47.447685687009496	45.0	150.0	27.27272727272727	9021044.0
AeC01014_CKDL210012719-1a-AK7758-AK7557_HF5TCDSX2_L1_1	51.16199037154874	45.0	150.0	27.27272727272727	7404728.0
AeC01014_CKDL210012719-1a-AK7758-AK7557_HF5TCDSX2_L1_2	48.289006912236076	45.0	150.0	27.27272727272727	7404728.0
AeC01015_CKDL210012719-1a-AK7078-AK7557_HF5TCDSX2_L1_1	51.85284014385853	45.0	150.0	27.27272727272727	8014250.0
AeC01015_CKDL210012719-1a-AK7078-AK7557_HF5TCDSX2_L1_2	48.66418211659198	45.0	150.0	27.27272727272727	8014250.0
AeC01016_CKDL210012719-1a-AK9143-AK7557_HF5TCDSX2_L1_1	52.1268583778157	45.0	150.0	27.27272727272727	7029943.0
AeC01016_CKDL210012719-1a-AK9143-AK7557_HF5TCDSX2_L1_2	49.601772901337796	45.0	150.0	27.27272727272727	7029943.0
AeC01017_CKDL210012719-1a-5UDI225-AK7557_HF5TCDSX2_L1_1	52.67141872938757	45.0	150.0	27.27272727272727	6260170.0
AeC01017_CKDL210012719-1a-5UDI225-AK7557_HF5TCDSX2_L1_2	49.30951451345952	45.0	150.0	27.27272727272727	6260170.0
AeC01018_CKDL210012719-1a-AK9144-AK7557_HF5TCDSX2_L1_1	55.54687156096551	44.0	150.0	27.27272727272727	9203971.0
AeC01018_CKDL210012719-1a-AK9144-AK7557_HF5TCDSX2_L1_2	52.67153483949927	45.0	150.0	27.27272727272727	9203971.0
AeC01019_CKDL210012719-1a-AK3911-AK7557_HF5TCDSX2_L1_1	51.570163350499655	45.0	150.0	27.27272727272727	6503285.0
AeC01019_CKDL210012719-1a-AK3911-AK7557_HF5TCDSX2_L1_2	48.269492222405866	45.0	150.0	27.27272727272727	6503285.0
AeC01020_CKDL210012719-1a-5UDI245-AK7557_HF5TCDSX2_L1_1	52.05446893146785	45.0	150.0	27.27272727272727	7901169.0
AeC01020_CKDL210012719-1a-5UDI245-AK7557_HF5TCDSX2_L1_2	49.22015504653841	46.0	150.0	27.27272727272727	7901169.0
AeC01021_CKDL210012719-1a-AK8593-AK7557_HF5TCDSX2_L1_1	54.79193455063094	46.0	150.0	27.27272727272727	8958042.0
AeC01021_CKDL210012719-1a-AK8593-AK7557_HF5TCDSX2_L1_2	50.749652411694036	47.0	150.0	36.36363636363637	8958042.0
AeC01022_CKDL210012719-1a-5UDI294-AK533_HF5TCDSX2_L1_1	52.360594548318865	46.0	150.0	27.27272727272727	9562140.0
AeC01022_CKDL210012719-1a-5UDI294-AK533_HF5TCDSX2_L1_2	47.76148094576504	47.0	150.0	18.181818181818183	9562140.0
AeC01023_CKDL210012719-1a-AK9146-AK533_HF5TCDSX2_L1_1	51.116779120669825	45.0	150.0	27.27272727272727	8433396.0
AeC01023_CKDL210012719-1a-AK9146-AK533_HF5TCDSX2_L1_2	47.34415301228023	46.0	150.0	18.181818181818183	8433396.0
AeC01024_CKDL210012719-1a-AK5577-AK533_HF5TCDSX2_L1_1	53.37979584026313	45.0	150.0	27.27272727272727	7393302.0
AeC01024_CKDL210012719-1a-AK5577-AK533_HF5TCDSX2_L1_2	49.015896765144774	46.0	150.0	18.181818181818183	7393302.0
AeC01025_CKDL210012719-1a-5UDI301-AK8488_HF5TCDSX2_L1_1	54.73518728944445	45.0	150.0	27.27272727272727	15461666.0
AeC01025_CKDL210012719-1a-5UDI301-AK8488_HF5TCDSX2_L1_2	50.62707794417488	46.0	150.0	27.27272727272727	15461666.0
AeC01026_CKDL210012719-1a-AK7758-AK8488_HF5TCDSX2_L1_1	55.86523638028043	45.0	150.0	27.27272727272727	11592033.0
AeC01026_CKDL210012719-1a-AK7758-AK8488_HF5TCDSX2_L1_2	51.406116461059796	46.0	150.0	27.27272727272727	11592033.0
AeC01027_CKDL210012719-1a-AK7078-AK8488_HF5TCDSX2_L1_1	54.5066666181015	45.0	150.0	27.27272727272727	13306083.0
AeC01027_CKDL210012719-1a-AK7078-AK8488_HF5TCDSX2_L1_2	50.22303208261502	46.0	150.0	27.27272727272727	13306083.0
AeC01028_CKDL210012719-1a-AK9143-AK8488_HF5TCDSX2_L1_1	51.85729475317698	45.0	150.0	27.27272727272727	6353917.0
AeC01028_CKDL210012719-1a-AK9143-AK8488_HF5TCDSX2_L1_2	48.190821720721154	45.0	150.0	18.181818181818183	6353917.0
AeC01029_CKDL210012719-1a-5UDI225-AK8488_HF5TCDSX2_L1_1	52.35622276689526	45.0	150.0	27.27272727272727	7054273.0
AeC01029_CKDL210012719-1a-5UDI225-AK8488_HF5TCDSX2_L1_2	48.671279632666575	46.0	150.0	18.181818181818183	7054273.0
AeC01030_CKDL210012719-1a-AK9144-AK8488_HF5TCDSX2_L1_1	54.7320619170322	45.0	150.0	27.27272727272727	9335218.0
AeC01030_CKDL210012719-1a-AK9144-AK8488_HF5TCDSX2_L1_2	50.75378669304436	45.0	150.0	27.27272727272727	9335218.0
AeC01031_CKDL210012719-1a-AK3911-AK8488_HF5TCDSX2_L1_1	53.367535185657935	45.0	150.0	27.27272727272727	7773104.0
AeC01031_CKDL210012719-1a-AK3911-AK8488_HF5TCDSX2_L1_2	48.76457609555273	46.0	150.0	18.181818181818183	7773104.0
AeC01032_CKDL210012719-1a-5UDI245-AK8488_HF5TCDSX2_L1_1	52.25672468217515	45.0	150.0	27.27272727272727	7116823.0
AeC01032_CKDL210012719-1a-5UDI245-AK8488_HF5TCDSX2_L1_2	48.495321437068384	46.0	150.0	18.181818181818183	7116823.0
AeC01033_CKDL210012719-1a-AK8593-AK8488_HF5TCDSX2_L1_1	53.0916169782561	45.0	150.0	27.27272727272727	7916109.0
AeC01033_CKDL210012719-1a-AK8593-AK8488_HF5TCDSX2_L1_2	48.81506324588018	46.0	150.0	18.181818181818183	7916109.0
AeC01034_CKDL210012719-1a-5UDI294-AK7557_HF5TCDSX2_L1_1	51.04205398182207	45.0	150.0	27.27272727272727	7861299.0
AeC01034_CKDL210012719-1a-5UDI294-AK7557_HF5TCDSX2_L1_2	47.695827412960114	45.0	150.0	27.27272727272727	7861299.0
AeC01035_CKDL210012719-1a-AK9146-AK7557_HF5TCDSX2_L1_1	51.88041834103059	45.0	150.0	27.27272727272727	8092871.0
AeC01035_CKDL210012719-1a-AK9146-AK7557_HF5TCDSX2_L1_2	48.261822497993876	45.0	150.0	27.27272727272727	8092871.0
AeC01036_CKDL210012719-1a-AK5577-AK7557_HF5TCDSX2_L1_1	54.74831256256591	46.0	150.0	27.27272727272727	7197977.0
AeC01036_CKDL210012719-1a-AK5577-AK7557_HF5TCDSX2_L1_2	50.54586957417554	47.0	150.0	36.36363636363637	7197977.0
AeC01037_CKDL210012719-1a-5UDI301-GC06_HF5TCDSX2_L1_1	52.67516378325727	45.0	150.0	27.27272727272727	8943108.0
AeC01037_CKDL210012719-1a-5UDI301-GC06_HF5TCDSX2_L1_2	48.522956317282684	46.0	150.0	27.27272727272727	8943108.0
AeC01038_CKDL210012719-1a-AK7758-GC06_HF5TCDSX2_L1_1	52.91353899475466	44.0	150.0	27.27272727272727	4882580.0
AeC01038_CKDL210012719-1a-AK7758-GC06_HF5TCDSX2_L1_2	49.37564258341972	45.0	150.0	18.181818181818183	4882580.0
AeC01039_CKDL210012719-1a-AK7078-GC06_HF5TCDSX2_L1_1	57.92529974116832	46.0	150.0	27.27272727272727	7891233.0
AeC01039_CKDL210012719-1a-AK7078-GC06_HF5TCDSX2_L1_2	53.97530883821295	47.0	150.0	36.36363636363637	7891233.0
AeC01040_CKDL210012719-1a-AK9143-GC06_HF5TCDSX2_L1_1	48.73341771979401	44.0	150.0	18.181818181818183	5454036.0
AeC01040_CKDL210012719-1a-AK9143-GC06_HF5TCDSX2_L1_2	45.6864862150065	45.0	150.0	18.181818181818183	5454036.0
AeC01041_CKDL210012719-1a-5UDI225-GC06_HF5TCDSX2_L1_1	49.892272068572076	45.0	150.0	18.181818181818183	5192294.0
AeC01041_CKDL210012719-1a-5UDI225-GC06_HF5TCDSX2_L1_2	46.42700888000735	46.0	150.0	18.181818181818183	5192294.0
AeC01042_CKDL210012719-1a-AK9144-GC06_HF5TCDSX2_L1_1	55.18873960819237	45.0	150.0	27.27272727272727	5824081.0
AeC01042_CKDL210012719-1a-AK9144-GC06_HF5TCDSX2_L1_2	50.32968538295365	46.0	150.0	27.27272727272727	5824081.0
AeC01043_CKDL210012719-1a-AK3911-GC06_HF5TCDSX2_L1_1	50.525955996881635	45.0	150.0	27.27272727272727	4894743.0
AeC01043_CKDL210012719-1a-AK3911-GC06_HF5TCDSX2_L1_2	45.53480470983323	46.0	150.0	18.181818181818183	4894743.0
AeC01044_CKDL210012719-1a-5UDI245-GC06_HF5TCDSX2_L1_1	48.89448926383301	45.0	150.0	18.181818181818183	6341979.0
AeC01044_CKDL210012719-1a-5UDI245-GC06_HF5TCDSX2_L1_2	44.70158452941969	46.0	150.0	18.181818181818183	6341979.0
AeC01045_CKDL210012719-1a-AK8593-GC06_HF5TCDSX2_L1_1	52.01399888846429	45.0	150.0	27.27272727272727	7893178.0
AeC01045_CKDL210012719-1a-AK8593-GC06_HF5TCDSX2_L1_2	47.768515643674256	46.0	150.0	18.181818181818183	7893178.0
AeC01046_CKDL210012719-1a-5UDI294-AK8488_HF5TCDSX2_L1_1	49.79062147443709	45.0	150.0	18.181818181818183	7514137.0
AeC01046_CKDL210012719-1a-5UDI294-AK8488_HF5TCDSX2_L1_2	45.17189751486409	45.0	150.0	18.181818181818183	7514137.0
AeC01047_CKDL210012719-1a-AK9146-AK8488_HF5TCDSX2_L1_1	54.82865661401248	45.0	150.0	18.181818181818183	8873472.0
AeC01047_CKDL210012719-1a-AK9146-AK8488_HF5TCDSX2_L1_2	51.12300462023646	45.0	150.0	27.27272727272727	8873472.0
AeC01048_CKDL210012719-1a-AK5577-AK8488_HF5TCDSX2_L1_1	54.35007474454868	46.0	150.0	27.27272727272727	7652936.0
AeC01048_CKDL210012719-1a-AK5577-AK8488_HF5TCDSX2_L1_2	49.992995973222754	46.0	150.0	18.181818181818183	7652936.0
AeC01049_CKDL210012719-1a-5UDI301-AK4236_HF5TCDSX2_L1_1	53.96401379319673	45.0	150.0	27.27272727272727	12966692.0
AeC01049_CKDL210012719-1a-5UDI301-AK4236_HF5TCDSX2_L1_2	50.36784128824581	45.0	150.0	36.36363636363637	12966692.0
AeC01050_CKDL210012719-1a-AK7758-AK4236_HF5TCDSX2_L1_1	53.955358570451146	45.0	150.0	27.27272727272727	9216054.0
AeC01050_CKDL210012719-1a-AK7758-AK4236_HF5TCDSX2_L1_2	50.56635527644232	45.0	150.0	36.36363636363637	9216054.0
AeC01051_CKDL210012719-1a-AK7078-AK4236_HF5TCDSX2_L1_1	51.693640507141446	45.0	150.0	27.27272727272727	7357473.0
AeC01051_CKDL210012719-1a-AK7078-AK4236_HF5TCDSX2_L1_2	47.80077258222445	45.0	150.0	27.27272727272727	7357473.0
AeC01052_CKDL210012719-1a-AK9143-AK4236_HF5TCDSX2_L1_1	54.50904631788952	44.0	150.0	27.27272727272727	9955105.0
AeC01052_CKDL210012719-1a-AK9143-AK4236_HF5TCDSX2_L1_2	51.677911219886575	45.0	150.0	27.27272727272727	9955105.0
AeC01053_CKDL210012719-1a-5UDI225-AK4236_HF5TCDSX2_L1_1	51.90560052331148	44.0	150.0	27.27272727272727	5497932.0
AeC01053_CKDL210012719-1a-5UDI225-AK4236_HF5TCDSX2_L1_2	48.443058701397426	45.0	150.0	27.27272727272727	5497932.0
AeC01054_CKDL210012719-1a-AK9144-AK4236_HF5TCDSX2_L1_1	55.7959484379879	46.0	150.0	27.27272727272727	7511339.0
AeC01054_CKDL210012719-1a-AK9144-AK4236_HF5TCDSX2_L1_2	51.347884555538165	47.0	150.0	36.36363636363637	7511339.0
AeC01055_CKDL210012719-1a-AK3911-AK4236_HF5TCDSX2_L1_1	49.77895859000022	45.0	150.0	18.181818181818183	5772821.0
AeC01055_CKDL210012719-1a-AK3911-AK4236_HF5TCDSX2_L1_2	45.402326541056105	46.0	150.0	27.27272727272727	5772821.0
AeC01056_CKDL210012719-1a-5UDI245-AK4236_HF5TCDSX2_L1_1	50.65261586270599	45.0	150.0	27.27272727272727	6708420.0
AeC01056_CKDL210012719-1a-5UDI245-AK4236_HF5TCDSX2_L1_2	47.33596763878209	46.0	150.0	27.27272727272727	6708420.0
AeC01057_CKDL210012719-1a-AK8593-AK4236_HF5TCDSX2_L1_1	52.72781527737327	45.0	150.0	27.27272727272727	6971209.0
AeC01057_CKDL210012719-1a-AK8593-AK4236_HF5TCDSX2_L1_2	49.27002783642782	45.0	150.0	27.27272727272727	6971209.0
AeC01058_CKDL210012719-1a-5UDI294-GC06_HF5TCDSX2_L1_1	52.253283243843555	45.0	150.0	27.27272727272727	12443024.0
AeC01058_CKDL210012719-1a-5UDI294-GC06_HF5TCDSX2_L1_2	47.89857328068607	45.0	150.0	18.181818181818183	12443024.0
AeC01059_CKDL210012719-1a-AK9146-GC06_HF5TCDSX2_L1_1	52.65567570833362	45.0	150.0	18.181818181818183	9515603.0
AeC01059_CKDL210012719-1a-AK9146-GC06_HF5TCDSX2_L1_2	49.020404598734416	45.0	150.0	18.181818181818183	9515603.0
AeC01060_CKDL210012719-1a-AK5577-GC06_HF5TCDSX2_L1_1	54.85731977088017	45.0	150.0	27.27272727272727	9402876.0
AeC01060_CKDL210012719-1a-AK5577-GC06_HF5TCDSX2_L1_2	50.9616370024174	46.0	150.0	27.27272727272727	9402876.0
AeC01061_CKDL210012719-1a-5UDI301-AK10343_HF5TCDSX2_L1_1	51.508776872775286	45.0	150.0	27.27272727272727	8127163.0
AeC01061_CKDL210012719-1a-5UDI301-AK10343_HF5TCDSX2_L1_2	47.655453638818614	45.0	150.0	18.181818181818183	8127163.0
AeC01062_CKDL210012719-1a-AK7758-AK10343_HF5TCDSX2_L1_1	50.23535814795371	44.0	150.0	27.27272727272727	6657987.0
AeC01062_CKDL210012719-1a-AK7758-AK10343_HF5TCDSX2_L1_2	46.4505438571605	45.0	150.0	18.181818181818183	6657987.0
AeC01063_CKDL210012719-1a-AK7078-AK10343_HF5TCDSX2_L1_1	49.850649674047865	45.0	150.0	18.181818181818183	5304952.0
AeC01063_CKDL210012719-1a-AK7078-AK10343_HF5TCDSX2_L1_2	45.715161410747854	46.0	150.0	18.181818181818183	5304952.0
AeC01064_CKDL210012719-1a-AK9143-AK10343_HF5TCDSX2_L1_1	48.93082471917929	44.0	150.0	9.090909090909092	6110657.0
AeC01064_CKDL210012719-1a-AK9143-AK10343_HF5TCDSX2_L1_2	45.42444500284509	45.0	150.0	18.181818181818183	6110657.0
AeC01065_CKDL210012719-1a-5UDI225-AK10343_HF5TCDSX2_L1_1	51.788180307645604	44.0	150.0	27.27272727272727	4810316.0
AeC01065_CKDL210012719-1a-5UDI225-AK10343_HF5TCDSX2_L1_2	47.60365270004192	45.0	150.0	18.181818181818183	4810316.0
AeC01066_CKDL210012719-1a-AK9144-AK10343_HF5TCDSX2_L1_1	54.17175722630185	45.0	150.0	27.27272727272727	6273710.0
AeC01066_CKDL210012719-1a-AK9144-AK10343_HF5TCDSX2_L1_2	48.90111572585092	46.0	150.0	27.27272727272727	6273710.0
AeC01067_CKDL210012719-1a-AK3911-AK10343_HF5TCDSX2_L1_1	48.85020058642665	44.0	150.0	9.090909090909092	6027848.0
AeC01067_CKDL210012719-1a-AK3911-AK10343_HF5TCDSX2_L1_2	45.772985669599194	45.0	150.0	18.181818181818183	6027848.0
AeC01068_CKDL210012719-1a-5UDI245-AK10343_HF5TCDSX2_L1_1	50.65625938375034	45.0	150.0	18.181818181818183	6016691.0
AeC01068_CKDL210012719-1a-5UDI245-AK10343_HF5TCDSX2_L1_2	47.375044614031246	45.0	150.0	18.181818181818183	6016691.0
AeC01069_CKDL210012719-1a-AK8593-AK10343_HF5TCDSX2_L1_1	53.163869147687116	45.0	150.0	27.27272727272727	6895728.0
AeC01069_CKDL210012719-1a-AK8593-AK10343_HF5TCDSX2_L1_2	49.351355562859446	45.0	150.0	18.181818181818183	6895728.0
AeC01070_CKDL210012719-1a-5UDI294-AK4236_HF5TCDSX2_L1_1	50.982311827314696	45.0	150.0	27.27272727272727	6863172.0
AeC01070_CKDL210012719-1a-5UDI294-AK4236_HF5TCDSX2_L1_2	46.73649302130385	45.0	150.0	27.27272727272727	6863172.0
AeC01071_CKDL210012719-1a-AK9146-AK4236_HF5TCDSX2_L1_1	52.359535454225444	45.0	150.0	18.181818181818183	10882843.0
AeC01071_CKDL210012719-1a-AK9146-AK4236_HF5TCDSX2_L1_2	49.07107446580351	45.0	150.0	27.27272727272727	10882843.0
AeC01072_CKDL210012719-1a-AK5577-AK4236_HF5TCDSX2_L1_1	54.38099533308508	45.0	150.0	27.27272727272727	7983981.0
AeC01072_CKDL210012719-1a-AK5577-AK4236_HF5TCDSX2_L1_2	50.83418775484013	45.0	150.0	36.36363636363637	7983981.0
AeC01073_CKDL210012719-1a-5UDI301-AK4234_HF5TCDSX2_L1_1	46.349609927127666	44.0	150.0	18.181818181818183	5786694.0
AeC01073_CKDL210012719-1a-5UDI301-AK4234_HF5TCDSX2_L1_2	43.052927066913085	45.0	150.0	18.181818181818183	5786694.0
AeC01074_CKDL210012719-1a-AK7758-AK4234_HF5TCDSX2_L1_1	49.342420856168744	45.0	150.0	18.181818181818183	8594441.0
AeC01074_CKDL210012719-1a-AK7758-AK4234_HF5TCDSX2_L1_2	45.85862725255362	45.0	150.0	18.181818181818183	8594441.0
AeC01075_CKDL210012719-1a-AK7078-AK4234_HF5TCDSX2_L1_1	48.11102060770055	45.0	150.0	18.181818181818183	8328329.0
AeC01075_CKDL210012719-1a-AK7078-AK4234_HF5TCDSX2_L1_2	44.70160398207263	45.0	150.0	18.181818181818183	8328329.0
AeC01076_CKDL210012719-1a-AK9143-AK4234_HF5TCDSX2_L1_1	46.67811996987611	44.0	150.0	18.181818181818183	7073799.0
AeC01076_CKDL210012719-1a-AK9143-AK4234_HF5TCDSX2_L1_2	44.059904132576186	45.0	150.0	18.181818181818183	7073799.0
AeC01077_CKDL210012719-1a-5UDI225-AK4234_HF5TCDSX2_L1_1	48.61490373764059	44.0	150.0	18.181818181818183	7158502.0
AeC01077_CKDL210012719-1a-5UDI225-AK4234_HF5TCDSX2_L1_2	45.77957202357565	45.0	150.0	18.181818181818183	7158502.0
AeC01078_CKDL210012719-1a-AK9144-AK4234_HF5TCDSX2_L1_1	51.70394448195677	45.0	150.0	27.27272727272727	9156471.0
AeC01078_CKDL210012719-1a-AK9144-AK4234_HF5TCDSX2_L1_2	47.580362854491106	45.0	150.0	18.181818181818183	9156471.0
AeC01079_CKDL210012719-1a-AK3911-AK4234_HF5TCDSX2_L1_1	48.541922927302586	44.0	150.0	18.181818181818183	8835997.0
AeC01079_CKDL210012719-1a-AK3911-AK4234_HF5TCDSX2_L1_2	45.06598214491325	45.0	150.0	18.181818181818183	8835997.0
AeC01080_CKDL210012719-1a-5UDI245-AK4234_HF5TCDSX2_L1_1	48.24616081154848	45.0	150.0	18.181818181818183	8354982.0
AeC01080_CKDL210012719-1a-5UDI245-AK4234_HF5TCDSX2_L1_2	45.49581401527403	45.0	150.0	18.181818181818183	8354982.0
AeC01081_CKDL210012719-1a-AK8593-AK4234_HF5TCDSX2_L1_1	50.86996543390039	45.0	150.0	27.27272727272727	11459995.0
AeC01081_CKDL210012719-1a-AK8593-AK4234_HF5TCDSX2_L1_2	47.517054442339024	46.0	150.0	27.27272727272727	11459995.0
AeC01082_CKDL210012719-1a-5UDI294-AK10343_HF5TCDSX2_L1_1	50.39967137475929	45.0	150.0	27.27272727272727	6248329.0
AeC01082_CKDL210012719-1a-5UDI294-AK10343_HF5TCDSX2_L1_2	45.73120881693341	45.0	150.0	18.181818181818183	6248329.0
AeC01083_CKDL210012719-1a-AK9146-AK10343_HF5TCDSX2_L1_1	53.15644130485941	45.0	150.0	27.27272727272727	5891798.0
AeC01083_CKDL210012719-1a-AK9146-AK10343_HF5TCDSX2_L1_2	49.054640654550184	45.0	150.0	18.181818181818183	5891798.0
AeC01084_CKDL210012719-1a-AK5577-AK10343_HF5TCDSX2_L1_1	53.42509153363713	45.0	150.0	27.27272727272727	6724128.0
AeC01084_CKDL210012719-1a-AK5577-AK10343_HF5TCDSX2_L1_2	49.25290140031194	45.0	150.0	18.181818181818183	6724128.0
AeC01085_CKDL210012719-1a-5UDI301-GD06_HF5TCDSX2_L1_1	52.10010041877359	45.0	150.0	27.27272727272727	12634606.0
AeC01085_CKDL210012719-1a-5UDI301-GD06_HF5TCDSX2_L1_2	48.272245500905875	46.0	150.0	27.27272727272727	12634606.0
AeC01086_CKDL210012719-1a-AK7758-GD06_HF5TCDSX2_L1_1	50.757639365460086	45.0	150.0	27.27272727272727	8849378.0
AeC01086_CKDL210012719-1a-AK7758-GD06_HF5TCDSX2_L1_2	47.18824529037895	45.0	150.0	27.27272727272727	8849378.0
AeC01087_CKDL210012719-1a-AK7078-GD06_HF5TCDSX2_L1_1	50.43107979845158	45.0	150.0	27.27272727272727	7123133.0
AeC01087_CKDL210012719-1a-AK7078-GD06_HF5TCDSX2_L1_2	46.08528978887034	45.0	150.0	27.27272727272727	7123133.0
AeC01088_CKDL210012719-1a-AK9143-GD06_HF5TCDSX2_L1_1	50.12171504253288	45.0	150.0	27.27272727272727	7628520.0
AeC01088_CKDL210012719-1a-AK9143-GD06_HF5TCDSX2_L1_2	47.02258814421766	45.0	150.0	27.27272727272727	7628520.0
AeC01089_CKDL210012719-1a-5UDI225-GD06_HF5TCDSX2_L1_1	51.43803388121731	45.0	150.0	27.27272727272727	8341387.0
AeC01089_CKDL210012719-1a-5UDI225-GD06_HF5TCDSX2_L1_2	48.77624422434961	45.0	150.0	18.181818181818183	8341387.0
AeC01090_CKDL210012719-1a-AK9144-GD06_HF5TCDSX2_L1_1	54.02889116568495	44.0	150.0	27.27272727272727	11620435.0
AeC01090_CKDL210012719-1a-AK9144-GD06_HF5TCDSX2_L1_2	50.663775144861866	45.0	150.0	27.27272727272727	11620435.0
AeC01091_CKDL210012719-1a-AK3911-GD06_HF5TCDSX2_L1_1	51.08355812470071	45.0	150.0	27.27272727272727	8927274.0
AeC01091_CKDL210012719-1a-AK3911-GD06_HF5TCDSX2_L1_2	47.88669868361133	45.0	150.0	18.181818181818183	8927274.0
AeC01092_CKDL210012719-1a-5UDI245-GD06_HF5TCDSX2_L1_1	52.01237561030398	45.0	150.0	27.27272727272727	9330671.0
AeC01092_CKDL210012719-1a-5UDI245-GD06_HF5TCDSX2_L1_2	49.222248285389995	45.0	150.0	18.181818181818183	9330671.0
AeC01094_CKDL210012719-1a-5UDI294-AK4234_HF5TCDSX2_L1_1	48.33937350161277	45.0	150.0	18.181818181818183	8393502.0
AeC01094_CKDL210012719-1a-5UDI294-AK4234_HF5TCDSX2_L1_2	44.44021919840725	45.0	150.0	18.181818181818183	8393502.0
AeC01095_CKDL210012719-1a-AK9146-AK4234_HF5TCDSX2_L1_1	54.14918246115822	45.0	150.0	27.27272727272727	11035410.0
AeC01095_CKDL210012719-1a-AK9146-AK4234_HF5TCDSX2_L1_2	50.03187823722604	46.0	150.0	36.36363636363637	11035410.0
AeC01096_CKDL210012719-1a-AK5577-AK4234_HF5TCDSX2_L1_1	51.2682222062809	45.0	150.0	27.27272727272727	6441219.0
AeC01096_CKDL210012719-1a-AK5577-AK4234_HF5TCDSX2_L1_2	47.32140561654974	46.0	150.0	27.27272727272727	6441219.0
